[gd_scene load_steps=44 format=3 uid="uid://dl5weeg8uwspr"]

[ext_resource type="Script" path="res://lib/nodes/zone.gd" id="1_5pwa3"]
[ext_resource type="Script" path="res://lib/nodes/spawn_point.gd" id="2_3hqhq"]
[ext_resource type="PackedScene" uid="uid://bqqwxekreebdl" path="res://props/architecture/stairs/stair_1.tscn" id="5_gwg4j"]
[ext_resource type="PackedScene" uid="uid://brix30ocniwym" path="res://props/lights/omni_led_1.tscn" id="6_jvn7r"]
[ext_resource type="PackedScene" uid="uid://ddyyrhb7kfww7" path="res://props/architecture/walls/wall_2.tscn" id="8_sguot"]
[ext_resource type="Material" uid="uid://c7mcyc3ipkept" path="res://assets/materials/architecture/floor_1_metal.tres" id="8_tpi7f"]
[ext_resource type="Material" uid="uid://b4exwi2bgnbom" path="res://assets/materials/architecture/floor_2.tres" id="9_6d4kq"]
[ext_resource type="PackedScene" uid="uid://bb6xlwamakagk" path="res://props/architecture/walls/wall_2_ext.tscn" id="9_phh65"]
[ext_resource type="PackedScene" uid="uid://blttosmy6qdp7" path="res://props/lights/omni_floor_light_bar.tscn" id="9_ye5f7"]
[ext_resource type="PackedScene" uid="uid://23c376lwmywd" path="res://props/architecture/walls/wall_2_ext_corner_ext.tscn" id="10_a8eki"]
[ext_resource type="PackedScene" uid="uid://dlqef8tipv7p1" path="res://props/architecture/walls/wall_2_corner.tscn" id="10_uulfm"]
[ext_resource type="Material" uid="uid://bv3r3s3cn05kk" path="res://assets/materials/architecture/floor_3.tres" id="11_g7ddk"]
[ext_resource type="PackedScene" uid="uid://bqnrqguetq86h" path="res://props/architecture/stairs/stair_2.tscn" id="14_fo3v5"]
[ext_resource type="PackedScene" uid="uid://g2ahjyvngjux" path="res://props/architecture/walls/wall_2_pillard.tscn" id="14_jqayk"]
[ext_resource type="PackedScene" uid="uid://dl1gsdyu0b06w" path="res://props/lights/omni_light_bar.tscn" id="15_5vulm"]
[ext_resource type="PackedScene" uid="uid://dn6rfqgk1ac2x" path="res://props/misc/signboard_1.tscn" id="15_jddbe"]
[ext_resource type="Texture2D" uid="uid://lw013fxnjxfl" path="res://assets/textures/signs/retro_space_princess_ai_render_by_torbk_dfkehcw-pre.jpg" id="16_itudf"]
[ext_resource type="PackedScene" uid="uid://chc62gms8d81k" path="res://props/common/security_camera.tscn" id="16_so1sr"]
[ext_resource type="Texture2D" uid="uid://blfn13iykglcd" path="res://assets/textures/signs/espresso.jpg" id="16_yubkv"]
[ext_resource type="PackedScene" uid="uid://deju1ielorujy" path="res://props/furnitures/modern_coffee_table_1.tscn" id="17_c5dn6"]
[ext_resource type="PackedScene" uid="uid://ce4ndj83kwu03" path="res://props/furnitures/sofa_waiting_room_1.tscn" id="18_tpw3r"]
[ext_resource type="PackedScene" uid="uid://cyg2fntt11s3k" path="res://props/furnitures/coffee_cart_01.tscn" id="19_uwsfm"]
[ext_resource type="PackedScene" uid="uid://d3tkl4ppb2k57" path="res://props/furnitures/ficus_concrete_pot.tscn" id="20_xyf1d"]
[ext_resource type="PackedScene" uid="uid://bk2shjmvvryql" path="res://props/furnitures/desk_1.tscn" id="22_cpw1a"]
[ext_resource type="PackedScene" uid="uid://d8f8yajiy7br" path="res://props/furnitures/desk_file_1.tscn" id="23_m64c6"]
[ext_resource type="PackedScene" uid="uid://dyou21wk7er7g" path="res://props/furnitures/desk_chair_1.tscn" id="24_11snd"]
[ext_resource type="PackedScene" uid="uid://tpf78n87yw1h" path="res://props/furnitures/desk_1_mirror.tscn" id="27_05vrf"]
[ext_resource type="PackedScene" uid="uid://d0185cw36cxe0" path="res://props/furnitures/desk_1_long.tscn" id="28_8gey5"]
[ext_resource type="PackedScene" uid="uid://ckkonogu6iyrf" path="res://props/furnitures/desk_chair_2.tscn" id="29_fn5gj"]
[ext_resource type="PackedScene" uid="uid://bvmod4ptmg0r6" path="res://props/lights/floor_lamp_1.tscn" id="30_7rsgu"]
[ext_resource type="PackedScene" uid="uid://gy2yrjoxusc2" path="res://props/lights/desk_lamp_1.tscn" id="31_cx0h5"]
[ext_resource type="PackedScene" uid="uid://d2k24ft5g0g61" path="res://props/furnitures/round_table_1.tscn" id="32_qkjhq"]
[ext_resource type="PackedScene" uid="uid://ddjm6m12rr6k8" path="res://props/furnitures/pencil_holder_1.tscn" id="33_1ks5q"]
[ext_resource type="PackedScene" uid="uid://vjrmp52hspwu" path="res://props/furnitures/pencil_holder_1_empty.tscn" id="34_e5nx4"]
[ext_resource type="PackedScene" uid="uid://clnejubd7pqjx" path="res://assets/models/Furnitures/misc/notebook_black.glb" id="35_b80n0"]
[ext_resource type="PackedScene" uid="uid://b5ugougdr4j8v" path="res://assets/models/Furnitures/misc/postit_1.glb" id="36_ebaxl"]
[ext_resource type="PackedScene" uid="uid://x0jor5xv23n" path="res://props/furnitures/monitor_1.tscn" id="37_gthao"]
[ext_resource type="Texture2D" uid="uid://dov35l3a6bcdi" path="res://assets/textures/wallpapers/rJ6eB.png" id="38_f4vvs"]
[ext_resource type="Texture2D" uid="uid://cr6sci5gtfmil" path="res://assets/textures/wallpapers/56980209-6bcd9100-6b84-11e9-89f8-d506a8b4fbb4.png" id="39_d6ikb"]
[ext_resource type="Texture2D" uid="uid://b08jihrifoh7l" path="res://assets/textures/wallpapers/jessie-cde-desktop.png" id="40_455d0"]
[ext_resource type="Texture2D" uid="uid://b7m4vpkyt1kor" path="res://assets/textures/wallpapers/preferences-menu.jpg" id="41_5ny6v"]
[ext_resource type="PackedScene" uid="uid://cmvew8lqwl3ih" path="res://assets/models/Furnitures/misc/keyboard_1.glb" id="42_juy6b"]
[ext_resource type="PackedScene" uid="uid://c5aotcq07c5tq" path="res://assets/models/Furnitures/misc/mouse_1.glb" id="43_xc7qq"]

[node name="level_0" type="Node3D"]
script = ExtResource("1_5pwa3")
zone_name = "sta1_level_0"

[node name="SpawnPoint" type="Node3D" parent="."]
transform = Transform3D(1, 0, 0, 0, 1, 0, 0, 0, 1, 0, 0, 2)
script = ExtResource("2_3hqhq")
key = "default"

[node name="Entrace" type="Node3D" parent="."]

[node name="Stair" parent="Entrace" instance=ExtResource("5_gwg4j")]
transform = Transform3D(1, 0, 0, 0, 1, 0, 0, 0, 1, 0, -0.82454, -1.37245)

[node name="OmniLed1" parent="Entrace" instance=ExtResource("6_jvn7r")]
transform = Transform3D(1, 0, 0, 0, 1, 0, 0, 0, 1, 0, 2.8, 3)
light_energy = 1.0

[node name="Architecture" type="Node3D" parent="Entrace"]

[node name="Wall_2_ext" parent="Entrace/Architecture" instance=ExtResource("9_phh65")]
transform = Transform3D(-1, 0, -8.74228e-08, 0, 1, 0, 8.74228e-08, 0, -1, 0, -1, 7.5)

[node name="Wall_2_ext3" parent="Entrace/Architecture" instance=ExtResource("9_phh65")]
transform = Transform3D(-1, 0, -8.74228e-08, 0, 1, 0, 8.74228e-08, 0, -1, 2, -1, 7.5)

[node name="omni_light_bar2" parent="Entrace/Architecture/Wall_2_ext3" instance=ExtResource("15_5vulm")]
transform = Transform3D(1, 0, 0, 0, 1, 0, 0, 0, 1, -1, 1.2, 0.223)
color = Color(0.909804, 0.972549, 0.592157, 1)

[node name="Wall_2_ext2" parent="Entrace/Architecture" instance=ExtResource("9_phh65")]
transform = Transform3D(-1, 0, -8.74228e-08, 0, 1, 0, 8.74228e-08, 0, -1, -2, -1, 7.5)

[node name="omni_light_bar" parent="Entrace/Architecture/Wall_2_ext2" instance=ExtResource("15_5vulm")]
transform = Transform3D(1, 0, 0, 0, 1, 0, 0, 0, 1, 1, 1.2, 0.223001)
color = Color(0.909804, 0.972549, 0.592157, 1)

[node name="Wall_2_ext5" parent="Entrace/Architecture" instance=ExtResource("9_phh65")]
transform = Transform3D(-2.98023e-08, 0, 1, 0, 1, 0, -1, 0, -2.98023e-08, -5, -1, 4.5)

[node name="Wall_2_ext11" parent="Entrace/Architecture" instance=ExtResource("9_phh65")]
transform = Transform3D(-2.98023e-08, 0, 1, 0, 1, 0, -1, 0, -2.98023e-08, -5, -1, 0.5)

[node name="Wall_2_ext13" parent="Entrace/Architecture" instance=ExtResource("9_phh65")]
transform = Transform3D(-2.98023e-08, 0, 1, 0, 1, 0, -1, 0, -2.98023e-08, -5, -1, -1.5)

[node name="Wall_2_ext12" parent="Entrace/Architecture" instance=ExtResource("9_phh65")]
transform = Transform3D(-2.98023e-08, 0, 1, 0, 1, 0, -1, 0, -2.98023e-08, -5, -1, 2.5)

[node name="Wall_2_ext7" parent="Entrace/Architecture" instance=ExtResource("9_phh65")]
transform = Transform3D(1.31134e-07, 0, -1, 0, 1, 0, 1, 0, 1.31134e-07, 5, -1, 0.5)

[node name="Wall_2_ext9" parent="Entrace/Architecture" instance=ExtResource("9_phh65")]
transform = Transform3D(1.31134e-07, 0, -1, 0, 1, 0, 1, 0, 1.31134e-07, 5, -1, -1.5)

[node name="Wall_2_ext8" parent="Entrace/Architecture" instance=ExtResource("9_phh65")]
transform = Transform3D(1.31134e-07, 0, -1, 0, 1, 0, 1, 0, 1.31134e-07, 5, -1, 2.5)

[node name="Wall_2_ext10" parent="Entrace/Architecture" instance=ExtResource("9_phh65")]
transform = Transform3D(1.31134e-07, 0, -1, 0, 1, 0, 1, 0, 1.31134e-07, 5, -1, 4.5)

[node name="Wall_2_Ext_Corner_Ext" parent="Entrace/Architecture" instance=ExtResource("10_a8eki")]
transform = Transform3D(-4.37114e-08, 0, -1, 0, 1, 0, 1, 0, -4.37114e-08, 5, -1, 7.5)

[node name="Wall_2_Ext_Corner_Ext2" parent="Entrace/Architecture" instance=ExtResource("10_a8eki")]
transform = Transform3D(-1, 0, 8.74228e-08, 0, 1, 0, -8.74228e-08, 0, -1, -5, -1, 7.5)

[node name="Wall1" type="CSGBox3D" parent="Entrace/Architecture"]
transform = Transform3D(1, 0, 0, 0, 1, 0, 0, 0, 1, 0, -0.547247, -2.54926)
size = Vector3(10, 1, 0.1)
material = ExtResource("8_tpi7f")

[node name="Floor" type="CSGBox3D" parent="Entrace/Architecture"]
transform = Transform3D(1, 0, 0, 0, 1, 0, 0, 0, 1, 0, -1, 2.5)
use_collision = true
size = Vector3(10, 0.1, 10)
material = ExtResource("9_6d4kq")

[node name="OmniFloorLightBar2" parent="Entrace/Architecture/Floor" instance=ExtResource("9_ye5f7")]
transform = Transform3D(1, 0, 0, 0, 1, 0, 0, 0, 1, -1, 0.026, -2)

[node name="OmniFloorLightBar3" parent="Entrace/Architecture/Floor" instance=ExtResource("9_ye5f7")]
transform = Transform3D(1, 0, 0, 0, 1, 0, 0, 0, 1, 1, 0.026, -2)

[node name="OmniFloorLightBar7" parent="Entrace/Architecture/Floor" instance=ExtResource("9_ye5f7")]
transform = Transform3D(1, 0, 0, 0, 1, 0, 0, 0, 1, -1, 0.026, 0)

[node name="OmniFloorLightBar4" parent="Entrace/Architecture/Floor" instance=ExtResource("9_ye5f7")]
transform = Transform3D(1, 0, 0, 0, 1, 0, 0, 0, 1, 1, 0.026, 0)

[node name="OmniFloorLightBar6" parent="Entrace/Architecture/Floor" instance=ExtResource("9_ye5f7")]
transform = Transform3D(1, 0, 0, 0, 1, 0, 0, 0, 1, -1, 0.026, 2)

[node name="OmniFloorLightBar" parent="Entrace/Architecture/Floor" instance=ExtResource("9_ye5f7")]
transform = Transform3D(1, 0, 0, 0, 1, 0, 0, 0, 1, 1, 0.026, 2)

[node name="Hall" type="Node3D" parent="."]

[node name="OmniLed2" parent="Hall" instance=ExtResource("6_jvn7r")]
transform = Transform3D(1, 0, 0, 0, 1, 0, 0, 0, 1, -4, 3.8, -9)
light_energy = 3.0
omni_range = 10.0

[node name="OmniLed3" parent="Hall" instance=ExtResource("6_jvn7r")]
transform = Transform3D(1, 0, 0, 0, 1, 0, 0, 0, 1, 4, 3.8, -9)
light_energy = 3.0
omni_range = 10.0

[node name="Architecture" type="Node3D" parent="Hall"]

[node name="Floor" type="CSGBox3D" parent="Hall/Architecture"]
transform = Transform3D(1, 0, 0, 0, 1, 0, 0, 0, 1, 0, 0, -8.5)
use_collision = true
size = Vector3(30, 0.1, 12)
material = ExtResource("11_g7ddk")

[node name="Wall_2_Corner" parent="Hall/Architecture" instance=ExtResource("10_uulfm")]
transform = Transform3D(-4.37114e-08, 0, 1, 0, 1, 0, -1, 0, -4.37114e-08, -4.65541, 0, -4.64791)

[node name="Wall_2_Corner2" parent="Hall/Architecture" instance=ExtResource("10_uulfm")]
transform = Transform3D(1, 0, 0, 0, 1, 0, 0, 0, 1, -4.65541, 0, -12.6479)

[node name="SecurityCamera" parent="Hall/Architecture/Wall_2_Corner2" instance=ExtResource("16_so1sr")]
transform = Transform3D(0.707107, 0, 0.707107, 0, 1, 0, -0.707107, 0, 0.707107, -0.11631, 2.5, -0.3217)

[node name="Wall_2" parent="Hall/Architecture" instance=ExtResource("8_sguot")]
transform = Transform3D(-1, 0, -8.74228e-08, 0, 1, 0, 8.74228e-08, 0, -1, -8.78864, 0, -4.63108)

[node name="omni_light_bar3" parent="Hall/Architecture/Wall_2" instance=ExtResource("15_5vulm")]
transform = Transform3D(0.965926, 0, -0.258819, 0, 1, 0, 0.258819, 0, 0.965926, 0.0286899, 1.2, -0.11309)

[node name="Wall_3" parent="Hall/Architecture" instance=ExtResource("8_sguot")]
transform = Transform3D(-1, 0, -8.74228e-08, 0, 1, 0, 8.74228e-08, 0, -1, -10.7886, 0, -4.63108)

[node name="omni_light_bar3" parent="Hall/Architecture/Wall_3" instance=ExtResource("15_5vulm")]
transform = Transform3D(0.965926, 0, -0.258819, 0, 1, 0, 0.258819, 0, 0.965926, 0.0286899, 1.2, -0.11309)

[node name="Wall_6" parent="Hall/Architecture" instance=ExtResource("8_sguot")]
transform = Transform3D(1, 0, 1.06581e-14, 0, 1, 0, -1.06581e-14, 0, 1, -8.83474, 0, -12.6488)

[node name="omni_light_bar2" parent="Hall/Architecture/Wall_6" instance=ExtResource("15_5vulm")]
transform = Transform3D(0.965926, 0, -0.258819, 0, 1, 0, 0.258819, 0, 0.965926, 0.00689983, 1.2, -0.11309)

[node name="Wall_7" parent="Hall/Architecture" instance=ExtResource("8_sguot")]
transform = Transform3D(1, 0, 1.06581e-14, 0, 1, 0, -1.06581e-14, 0, 1, -10.8347, 0, -12.6488)

[node name="omni_light_bar2" parent="Hall/Architecture/Wall_7" instance=ExtResource("15_5vulm")]
transform = Transform3D(0.965926, 0, -0.258819, 0, 1, 0, 0.258819, 0, 0.965926, 0.00689983, 1.2, -0.11309)

[node name="Wall_8" parent="Hall/Architecture" instance=ExtResource("8_sguot")]
transform = Transform3D(-4.37114e-08, 0, 1, 0, 1, 0, -1, 0, -4.37114e-08, -12.0931, 0, -11.4867)

[node name="Wall_9" parent="Hall/Architecture" instance=ExtResource("8_sguot")]
transform = Transform3D(-4.37114e-08, 0, 1, 0, 1, 0, -1, 0, -4.37114e-08, -12.0931, 0, -5.51333)

[node name="Wall_2_pillard" parent="Hall/Architecture" instance=ExtResource("14_jqayk")]
transform = Transform3D(1, 0, 0, 0, 1, 0, 0, 0, 1, -7.30277, 0, -4.46363)

[node name="Wall_2_pillard2" parent="Hall/Architecture" instance=ExtResource("14_jqayk")]
transform = Transform3D(1, 0, 0, 0, 1, 0, 0, 0, 1, -7.32034, 0, -12.8177)

[node name="Wall_2_pillard3" parent="Hall/Architecture" instance=ExtResource("14_jqayk")]
transform = Transform3D(1, 0, 0, 0, 1, 0, 0, 0, 1, -4.88684, 0, -14.6986)

[node name="Stair" parent="Hall/Architecture" instance=ExtResource("14_fo3v5")]
transform = Transform3D(-4.37114e-08, 0, 1, 0, 1, 0, -1, 0, -4.37114e-08, -12.25, 0.127, -8.5)

[node name="OmniLightBar3" parent="Hall/Architecture/Stair" instance=ExtResource("15_5vulm")]
transform = Transform3D(-4.37114e-08, 0, -1, 0, 1, 0, 1, 0, -4.37114e-08, 1.67381, 2, -0.0489998)
color = Color(0.545098, 1, 1, 1)

[node name="OmniLightBar4" parent="Hall/Architecture/Stair" instance=ExtResource("15_5vulm")]
transform = Transform3D(-4.37114e-08, 0, 1, 0, 1, 0, -1, 0, -4.37114e-08, -1.51931, 2, -0.0489998)
color = Color(0.545098, 1, 1, 1)

[node name="Wall_4" parent="Hall/Architecture" instance=ExtResource("8_sguot")]
transform = Transform3D(1, 0, 0, 0, 1, 0, 0, 0, 1, -2, 0, -14.5)

[node name="Signboard_2" parent="Hall/Architecture/Wall_4" instance=ExtResource("15_jddbe")]
transform = Transform3D(1, 0, 0, 0, 1, 0, 0, 0, 1, -1.00037, 0.590031, -0.1452)
sign = ExtResource("16_yubkv")

[node name="Wall_5" parent="Hall/Architecture" instance=ExtResource("8_sguot")]
transform = Transform3D(1, 0, 0, 0, 1, 0, 0, 0, 1, 0, 0, -14.5)

[node name="Signboard_1" parent="Hall/Architecture/Wall_5" instance=ExtResource("15_jddbe")]
transform = Transform3D(1, 0, 0, 0, 1, 0, 0, 0, 1, 0, 0.590031, -0.1452)
sign = ExtResource("16_itudf")

[node name="Wall_2_pillard4" parent="Hall/Architecture" instance=ExtResource("14_jqayk")]
transform = Transform3D(1, 0, 0, 0, 1, 0, 0, 0, 1, -12.3, 0, -4.464)

[node name="Wall_2_pillard6" parent="Hall/Architecture" instance=ExtResource("14_jqayk")]
transform = Transform3D(1, 0, 0, 0, 1, 0, 0, 0, 1, -12.3, 0, -6.464)

[node name="Wall_2_pillard5" parent="Hall/Architecture" instance=ExtResource("14_jqayk")]
transform = Transform3D(1, 0, 0, 0, 1, 0, 0, 0, 1, -12.3, 0, -12.818)

[node name="Wall_2_pillard7" parent="Hall/Architecture" instance=ExtResource("14_jqayk")]
transform = Transform3D(1, 0, 0, 0, 1, 0, 0, 0, 1, -12.3, 0, -10.6939)

[node name="Wall_2_ext2" parent="Hall/Architecture" instance=ExtResource("9_phh65")]
transform = Transform3D(1.2, 0, 1.74845e-07, 0, 1, 0, -2.09814e-07, 0, 1, -13.8065, 1.19209e-07, -10.6866)

[node name="Wall_2_ext5" parent="Hall/Architecture" instance=ExtResource("9_phh65")]
transform = Transform3D(-1.2, 0, -1.50996e-07, 0, 1, 0, 1.81195e-07, 0, -1, -13.8078, 1.19209e-07, -6.31881)

[node name="Wall_2_ext6" parent="Hall/Architecture" instance=ExtResource("9_phh65")]
transform = Transform3D(-1.2, 0, -1.50996e-07, 0, 1, 0, 1.81195e-07, 0, -1, -13.8078, 1.19209e-07, -6.31881)

[node name="ModernCoffeeTable_1" parent="Hall" instance=ExtResource("17_c5dn6")]
transform = Transform3D(1, 0, 0, 0, 1, 0, 0, 0, 1, 0, 0, -9)

[node name="ModernCoffeeTable_2" parent="Hall" instance=ExtResource("17_c5dn6")]
transform = Transform3D(1, 0, 0, 0, 1, 0, 0, 0, 1, 3.5, 0, -9)

[node name="SofaWaitingRoom_1" parent="Hall" instance=ExtResource("18_tpw3r")]
transform = Transform3D(1, 0, 0, 0, 1, 0, 0, 0, 1, 0, 0, -10.5)

[node name="SofaWaitingRoom_2" parent="Hall" instance=ExtResource("18_tpw3r")]
transform = Transform3D(1, 0, 0, 0, 1, 0, 0, 0, 1, 3.5, 0, -10.5)

[node name="SofaWaitingRoom_3" parent="Hall" instance=ExtResource("18_tpw3r")]
transform = Transform3D(-1, 0, -8.74228e-08, 0, 1, 0, 8.74228e-08, 0, -1, 3.5, 0, -7.3)

[node name="SofaWaitingRoom_4" parent="Hall" instance=ExtResource("18_tpw3r")]
transform = Transform3D(-1, 0, -8.74228e-08, 0, 1, 0, 8.74228e-08, 0, -1, 0, 0, -7.3)

[node name="CoffeeCart_01" parent="Hall" instance=ExtResource("19_uwsfm")]
transform = Transform3D(1, 0, 0, 0, 1, 0, 0, 0, 1, -1.46998, 0.040778, -13.9539)

[node name="ficus_concrete_pot" parent="Hall" instance=ExtResource("20_xyf1d")]
transform = Transform3D(1, 0, 0, 0, 1, 0, 0, 0, 1, 5.5765, 0, -9)

[node name="ficus_concrete_pot3" parent="Hall" instance=ExtResource("20_xyf1d")]
transform = Transform3D(1, 0, 0, 0, 1, 0, 0, 0, 1, -2, 0, -9)

[node name="Admistration" type="Node3D" parent="."]
transform = Transform3D(1, 0, 0, 0, 1, 0, 0, 0, 1, 0, 0, -20.5)

[node name="OmniLed2" parent="Admistration" instance=ExtResource("6_jvn7r")]
transform = Transform3D(1, 0, 0, 0, 1, 0, 0, 0, 1, 0, 3.8, 2.5)

[node name="OmniLed3" parent="Admistration" instance=ExtResource("6_jvn7r")]
transform = Transform3D(1, 0, 0, 0, 1, 0, 0, 0, 1, 0, 3.8, -2.5)

[node name="Architecture" type="Node3D" parent="Admistration"]
transform = Transform3D(1, 0, 0, 0, 1, 0, 0, 0, 1, 0, 0, 13.5)

[node name="Floor" type="CSGBox3D" parent="Admistration/Architecture"]
transform = Transform3D(1, 0, 0, 0, 1, 0, 0, 0, 1, 0, 0, -13.5)
use_collision = true
size = Vector3(10.0854, 0.1, 12)
material = ExtResource("11_g7ddk")

[node name="Wall_3" parent="Admistration/Architecture" instance=ExtResource("8_sguot")]
transform = Transform3D(-4.37114e-08, 0, -1, 0, 1, 0, 1, 0, -4.37114e-08, -5, 0, -9.5)

[node name="Wall_5" parent="Admistration/Architecture" instance=ExtResource("8_sguot")]
transform = Transform3D(-4.37114e-08, 0, 1, 0, 1, 0, -1, 0, -4.37114e-08, 5, 0, -10)

[node name="Wall_2_Corner" parent="Admistration/Architecture" instance=ExtResource("10_uulfm")]
transform = Transform3D(1, 0, 0, 0, 1, 0, 0, 0, 1, 5, 0, -7.5)

[node name="Wall_2_Corner2" parent="Admistration/Architecture" instance=ExtResource("10_uulfm")]
transform = Transform3D(-4.37114e-08, 0, -1, 0, 1, 0, 1, 0, -4.37114e-08, -5, 0, -7.5)

[node name="Wall_2_Corner3" parent="Admistration/Architecture" instance=ExtResource("10_uulfm")]
transform = Transform3D(-1, 0, 8.74228e-08, 0, 1, 0, -8.74228e-08, 0, -1, -5, 0, -19.5)

[node name="Wall_2_Corner4" parent="Admistration/Architecture" instance=ExtResource("10_uulfm")]
transform = Transform3D(1.31134e-07, 0, 1, 0, 1, 0, -1, 0, 1.31134e-07, 5, 0, -19.5)

[node name="Wall_2" parent="Admistration/Architecture" instance=ExtResource("8_sguot")]
transform = Transform3D(-4.37114e-08, 0, -1, 0, 1, 0, 1, 0, -4.37114e-08, -5, 0, -11)

[node name="Wall_4" parent="Admistration/Architecture" instance=ExtResource("8_sguot")]
transform = Transform3D(-4.37114e-08, 0, -1, 0, 1, 0, 1, 0, -4.37114e-08, -5, 0, -13)

[node name="Wall_6" parent="Admistration/Architecture" instance=ExtResource("8_sguot")]
transform = Transform3D(-4.37114e-08, 0, -1, 0, 1, 0, 1, 0, -4.37114e-08, -5, 0, -15)

[node name="Wall_7" parent="Admistration/Architecture" instance=ExtResource("8_sguot")]
transform = Transform3D(-4.37114e-08, 0, -1, 0, 1, 0, 1, 0, -4.37114e-08, -5, 0, -15.5)

[node name="Wall_9" parent="Admistration/Architecture" instance=ExtResource("8_sguot")]
transform = Transform3D(-1, 0, 8.74228e-08, 0, 1, 0, -8.74228e-08, 0, -1, -2, 0, -19.5)

[node name="Wall_10" parent="Admistration/Architecture" instance=ExtResource("8_sguot")]
transform = Transform3D(-1, 0, 8.74228e-08, 0, 1, 0, -8.74228e-08, 0, -1, 0, 0, -19.5)

[node name="Wall_11" parent="Admistration/Architecture" instance=ExtResource("8_sguot")]
transform = Transform3D(-1, 0, 8.74228e-08, 0, 1, 0, -8.74228e-08, 0, -1, 2, 0, -19.5)

[node name="Wall_12" parent="Admistration/Architecture" instance=ExtResource("8_sguot")]
transform = Transform3D(1.31134e-07, 0, 1, 0, 1, 0, -1, 0, 1.31134e-07, 5, 0, -16.5)

[node name="Wall_13" parent="Admistration/Architecture" instance=ExtResource("8_sguot")]
transform = Transform3D(1.31134e-07, 0, 1, 0, 1, 0, -1, 0, 1.31134e-07, 5, 0, -11.5)

[node name="Wall_14" parent="Admistration/Architecture" instance=ExtResource("8_sguot")]
transform = Transform3D(1.31134e-07, 0, 1, 0, 1, 0, -1, 0, 1.31134e-07, 5, 0, -13.5)

[node name="Wall_15" parent="Admistration/Architecture" instance=ExtResource("8_sguot")]
transform = Transform3D(1.31134e-07, 0, 1, 0, 1, 0, -1, 0, 1.31134e-07, 5, 0, -15)

[node name="Wall_8" parent="Admistration/Architecture" instance=ExtResource("8_sguot")]
transform = Transform3D(-4.37114e-08, 0, -1, 0, 1, 0, 1, 0, -4.37114e-08, -5, 0, -17)

[node name="Desk_1" parent="Admistration" instance=ExtResource("22_cpw1a")]
transform = Transform3D(-1, 0, -8.74228e-08, 0, 1, 0, 8.74228e-08, 0, -1, -1, 0.07, 5)

[node name="Desk_2" parent="Admistration" instance=ExtResource("22_cpw1a")]
transform = Transform3D(-1, 0, -8.74228e-08, 0, 1, 0, 8.74228e-08, 0, -1, -1, 0.07, 0)

[node name="DeskFile1" parent="Admistration" instance=ExtResource("23_m64c6")]
transform = Transform3D(-1, 0, -8.74228e-08, 0, 1, 0, 8.74228e-08, 0, -1, -2.65995, 0.0652536, 5.65838)

[node name="DeskFile2" parent="Admistration" instance=ExtResource("23_m64c6")]
transform = Transform3D(-1, 0, -8.74228e-08, 0, 1, 0, 8.74228e-08, 0, -1, -3.23803, 0.0652536, 5.65838)

[node name="DeskFile4" parent="Admistration" instance=ExtResource("23_m64c6")]
transform = Transform3D(-4.37114e-08, 0, 1, 0, 1, 0, -1, 0, -4.37114e-08, -4.73803, 0.0652536, 3.15838)

[node name="DeskFile7" parent="Admistration" instance=ExtResource("23_m64c6")]
transform = Transform3D(-4.37114e-08, 0, 1, 0, 1, 0, -1, 0, -4.37114e-08, -4.73803, 0.0652536, 3.65838)

[node name="DeskFile5" parent="Admistration" instance=ExtResource("23_m64c6")]
transform = Transform3D(-4.37114e-08, 0, 1, 0, 1, 0, -1, 0, -4.37114e-08, -4.73803, 0.0652536, 2.65838)

[node name="DeskFile8" parent="Admistration" instance=ExtResource("23_m64c6")]
transform = Transform3D(1, 0, 2.13163e-14, 0, 1, 0, -2.13163e-14, 0, 1, -0.6557, 0.0652536, -5.63307)

[node name="DeskFile9" parent="Admistration" instance=ExtResource("23_m64c6")]
transform = Transform3D(1, 0, 2.13163e-14, 0, 1, 0, -2.13163e-14, 0, 1, -1.1557, 0.0652536, -5.63307)

[node name="DeskFile10" parent="Admistration" instance=ExtResource("23_m64c6")]
transform = Transform3D(1, 0, 2.13163e-14, 0, 1, 0, -2.13163e-14, 0, 1, -0.1557, 0.0652536, -5.63307)

[node name="DeskFile6" parent="Admistration" instance=ExtResource("23_m64c6")]
transform = Transform3D(-4.37114e-08, 0, 1, 0, 1, 0, -1, 0, -4.37114e-08, -4.73803, 0.0652536, 2.15838)

[node name="DeskFile11" parent="Admistration" instance=ExtResource("23_m64c6")]
transform = Transform3D(-4.37114e-08, 0, 1, 0, 1, 0, -1, 0, -4.37114e-08, -4.73803, 0.0652536, -1.46221)

[node name="DeskFile12" parent="Admistration" instance=ExtResource("23_m64c6")]
transform = Transform3D(-4.37114e-08, 0, 1, 0, 1, 0, -1, 0, -4.37114e-08, -4.73803, 0.0652536, -1.96221)

[node name="DeskFile3" parent="Admistration" instance=ExtResource("23_m64c6")]
transform = Transform3D(-1, 0, -8.74228e-08, 0, 1, 0, 8.74228e-08, 0, -1, -3.23803, 0.0652536, 5.65838)

[node name="DeskChair1" parent="Admistration" instance=ExtResource("24_11snd")]
transform = Transform3D(0.37729, 0.000373882, -0.926095, -0.00147073, 0.999999, -0.000195475, 0.926094, 0.00143579, 0.37729, -2.43199, 0.0485046, 4.5)

[node name="DeskChair2" parent="Admistration" instance=ExtResource("24_11snd")]
transform = Transform3D(0.393123, 0.000398458, -0.919486, -0.00147073, 0.999999, -0.000195475, 0.919485, 0.00142916, 0.393122, -2.43199, 0.0485046, 2.35998)

[node name="DeskChair3" parent="Admistration" instance=ExtResource("24_11snd")]
transform = Transform3D(-0.0963504, -0.000336257, -0.995347, -0.00147073, 0.999999, -0.000195475, 0.995346, 0.00144506, -0.0963509, -1.93199, 0.0485046, -0.5)

[node name="DeskChair4" parent="Admistration" instance=ExtResource("24_11snd")]
transform = Transform3D(-0.995346, -0.00144506, 0.0963509, -0.00147073, 0.999999, -0.000195475, -0.0963505, -0.000336257, -0.995347, 2.06801, 0.0485046, -4)

[node name="Desk1_Mirror" parent="Admistration" instance=ExtResource("27_05vrf")]
transform = Transform3D(-1, 0, -8.74228e-08, 0, 1, 0, 8.74228e-08, 0, -1, -1, 0.07, 1.5)

[node name="ficus_concrete_pot" parent="Admistration" instance=ExtResource("20_xyf1d")]
transform = Transform3D(1, 0, 0, 0, 1, 0, 0, 0, 1, -4.255, 0.07, 0.959999)

[node name="Desk1_Long" parent="Admistration" instance=ExtResource("28_8gey5")]
transform = Transform3D(4.37114e-08, 0, 1, 0, 1, 0, -1, 0, 4.37114e-08, 2, 0.07, -2.5)

[node name="SofaWaitingRoom_1" parent="Admistration" instance=ExtResource("18_tpw3r")]
transform = Transform3D(2.98023e-08, 0, -1, 0, 1, 0, 1, 0, 2.98023e-08, 4.64203, 0, 0.5)

[node name="SofaWaitingRoom_2" parent="Admistration" instance=ExtResource("18_tpw3r")]
transform = Transform3D(2.98023e-08, 0, -1, 0, 1, 0, 1, 0, 2.98023e-08, 4.64203, 0, 3)

[node name="DeskChair5" parent="Admistration" instance=ExtResource("29_fn5gj")]
transform = Transform3D(-0.965926, 0, 0.258819, 0, 1, 0, -0.258819, 0, -0.965926, 1.5, 0, -1)

[node name="DeskChair7" parent="Admistration" instance=ExtResource("29_fn5gj")]
transform = Transform3D(-0.965926, 0, 0.258819, 0, 1, 0, -0.258819, 0, -0.965926, -3.11814, 0, -2.90911)

[node name="DeskChair8" parent="Admistration" instance=ExtResource("29_fn5gj")]
transform = Transform3D(-0.914713, 0, -0.404104, 0, 1, 0, 0.404104, 0, -0.914713, -1.8731, 0, -2.90911)

[node name="DeskChair9" parent="Admistration" instance=ExtResource("29_fn5gj")]
transform = Transform3D(0.976766, 0, 0.214309, 0, 1, 0, -0.214309, 0, 0.976766, -2.45718, 0, -4.58167)

[node name="DeskChair6" parent="Admistration" instance=ExtResource("29_fn5gj")]
transform = Transform3D(-0.258819, 0, -0.965926, 0, 1, 0, 0.965926, 0, -0.258819, 0.5, 0, 5)

[node name="FloorLamp1" parent="Admistration" instance=ExtResource("30_7rsgu")]
transform = Transform3D(-0.776805, 0, 0.629741, 0, 1, 0, -0.629741, 0, -0.776805, -3.63151, 0.07, -4.85168)

[node name="FloorLamp3" parent="Admistration" instance=ExtResource("30_7rsgu")]
transform = Transform3D(0.707107, 0, -0.707107, 0, 1, 0, 0.707107, 0, 0.707107, 4, 0.07, 5)

[node name="FloorLamp2" parent="Admistration" instance=ExtResource("30_7rsgu")]
transform = Transform3D(-0.5, 0, -0.866026, 0, 1, 0, 0.866026, 0, -0.5, -4, 0.07, 5)

[node name="DeskLamp1" parent="Admistration" instance=ExtResource("31_cx0h5")]
transform = Transform3D(-0.927654, 0, 0.373441, 0, 1, 0, -0.373441, 0, -0.927654, -0.64794, 0.867946, -0.790215)

[node name="DeskLamp4" parent="Admistration" instance=ExtResource("31_cx0h5")]
transform = Transform3D(0.498609, 0, 0.866827, 0, 1, 0, -0.866827, 0, 0.498609, 3.08232, 0.867946, -2.16593)

[node name="DeskLamp2" parent="Admistration" instance=ExtResource("31_cx0h5")]
transform = Transform3D(-0.523584, 0, 0.851974, 0, 1, 0, -0.851974, 0, -0.523584, -0.64794, 0.867946, 0.967749)

[node name="DeskLamp3" parent="Admistration" instance=ExtResource("31_cx0h5")]
transform = Transform3D(0.153917, 0, -0.988084, 0, 1, 0, 0.988084, 0, 0.153917, -1.71654, 0.697444, 5.45646)

[node name="RoundTable1" parent="Admistration" instance=ExtResource("32_qkjhq")]
transform = Transform3D(1, 0, 0, 0, 1, 0, 0, 0, 1, -2.686, 0.07, -3.721)

[node name="PencilHolder1" parent="Admistration" instance=ExtResource("33_1ks5q")]
transform = Transform3D(-0.422618, 0, 0.906308, 0, 1, 0, -0.906308, 0, -0.422618, 2.13653, 0.87, -2.166)

[node name="PencilHolder2" parent="Admistration" instance=ExtResource("33_1ks5q")]
transform = Transform3D(-0.8457, 0, -0.533659, 0, 1, 0, 0.533659, 0, -0.8457, -0.625, 0.87, 0.569)

[node name="PencilHolder1Empty" parent="Admistration" instance=ExtResource("34_e5nx4")]
transform = Transform3D(1, 0, 0, 0, 1, 0, 0, 0, 1, -0.570721, 0.869988, 1.5)

[node name="NotebookBlack" parent="Admistration" instance=ExtResource("35_b80n0")]
transform = Transform3D(-0.833972, 0, -0.551806, 0, 1, 0, 0.551806, 0, -0.833972, 2.46055, 0.871924, -2.30106)

[node name="NotebookBlack2" parent="Admistration" instance=ExtResource("35_b80n0")]
transform = Transform3D(-0.997815, 0, 0.0660646, 0, 1, 0, -0.0660646, 0, -0.997815, -1.25749, 0.871924, 5.38962)

[node name="postit_1" parent="Admistration" instance=ExtResource("36_ebaxl")]
transform = Transform3D(-0.991454, -9.23781e-08, -0.130457, 0.130457, -3.19329e-08, -0.991454, 8.74228e-08, -1, 4.37114e-08, -0.849902, 1.04359, 0.678257)

[node name="Monitor1" parent="Admistration" instance=ExtResource("37_gthao")]
transform = Transform3D(-0.823245, 0, 0.567686, 0, 1, 0, -0.567686, 0, -0.823245, 1.15668, 0.870046, -2.27291)
wallpaper = ExtResource("38_f4vvs")

[node name="Monitor2" parent="Admistration" instance=ExtResource("37_gthao")]
transform = Transform3D(-0.999852, 0, -0.0172073, 0, 1, 0, 0.0172073, 0, -0.999852, -1.51419, 0.705542, 0.504068)
wallpaper = ExtResource("39_d6ikb")

[node name="Monitor3" parent="Admistration" instance=ExtResource("37_gthao")]
transform = Transform3D(-0.503805, 0, -0.863818, 0, 1, 0, 0.863818, 0, -0.503805, -0.793758, 0.869432, 1.92593)
wallpaper = ExtResource("40_455d0")

[node name="Monitor4" parent="Admistration" instance=ExtResource("37_gthao")]
transform = Transform3D(-0.63854, 0, -0.769589, 0, 1, 0, 0.769589, 0, -0.63854, -0.806439, 0.869432, 5.2206)
wallpaper = ExtResource("41_5ny6v")

[node name="keyboard_1" parent="Admistration" instance=ExtResource("42_juy6b")]
transform = Transform3D(-0.0389285, 0, -0.999242, 0, 1, 0, 0.999242, 0, -0.0389285, -0.71, 0.871687, 4.745)

[node name="keyboard_2" parent="Admistration" instance=ExtResource("42_juy6b")]
transform = Transform3D(-0.324594, 0, -0.945853, 0, 1, 0, 0.945853, 0, -0.324594, -0.920082, 0.871687, 1.80189)

[node name="keyboard_4" parent="Admistration" instance=ExtResource("42_juy6b")]
transform = Transform3D(-0.972076, 0, -0.234667, 0, 1, 0, 0.234667, 0, -0.972076, -1.412, 0.706, 0.341)

[node name="keyboard_3" parent="Admistration" instance=ExtResource("42_juy6b")]
transform = Transform3D(-0.878967, 0, 0.476883, 0, 1, 0, -0.476883, 0, -0.878967, 1.62955, 0.871687, -2.37588)

[node name="Mouse1" parent="Admistration" instance=ExtResource("43_xc7qq")]
transform = Transform3D(1, 0, 0, 0, 1, 0, 0, 0, 1, -1.723, 0.706, 0.368)

[node name="Mouse2" parent="Admistration" instance=ExtResource("43_xc7qq")]
transform = Transform3D(0.365592, 0, 0.930775, 0, 1, 0, -0.930775, 0, 0.365592, -0.989459, 0.872, 2.06511)

[node name="Mouse3" parent="Admistration" instance=ExtResource("43_xc7qq")]
transform = Transform3D(0.365592, 0, 0.930775, 0, 1, 0, -0.930775, 0, 0.365592, -0.8645, 0.872, 4.96225)

[node name="Mouse4" parent="Admistration" instance=ExtResource("43_xc7qq")]
transform = Transform3D(0.983565, 0, -0.180553, 0, 1, 0, 0.180553, 0, 0.983565, 1.30466, 0.872, -2.47149)

[node name="Hall2" type="Node3D" parent="."]
transform = Transform3D(1, 0, 0, 0, 1, 0, 0, 0, 1, -16, 2.8, -9)

[node name="Floor2" type="CSGBox3D" parent="Hall2"]
transform = Transform3D(1, 0, 0, 0, 1, 0, 0, 0, 1, -14, 0, 0.5)
use_collision = true
size = Vector3(30, 0.1, 12)
material = ExtResource("9_6d4kq")

[node name="Floor3" type="CSGBox3D" parent="Hall2"]
transform = Transform3D(1, 0, 0, 0, 1, 0, 0, 0, 1, 2, 0, 4.596)
use_collision = true
size = Vector3(2, 0.1, 3.80022)
material = ExtResource("9_6d4kq")

[node name="Floor4" type="CSGBox3D" parent="Hall2"]
transform = Transform3D(1, 0, 0, 0, 1, 0, 0, 0, 1, 2, 0, -3.59)
use_collision = true
size = Vector3(2, 0.1, 3.80022)
material = ExtResource("9_6d4kq")

[node name="OmniLed1" parent="Hall2" instance=ExtResource("6_jvn7r")]
transform = Transform3D(1, 0, 0, 0, 1, 0, 0, 0, 1, -2, 5, 0)
omni_range = 10.0

[node name="OmniLed3" parent="Hall2" instance=ExtResource("6_jvn7r")]
transform = Transform3D(1, 0, 0, 0, 1, 0, 0, 0, 1, -13, 5, 0)
omni_range = 10.0

[node name="OmniLed2" parent="Hall2" instance=ExtResource("6_jvn7r")]
transform = Transform3D(1, 0, 0, 0, 1, 0, 0, 0, 1, -24, 5, 0)
omni_range = 10.0

[node name="ReflectionProbe" type="ReflectionProbe" parent="."]
transform = Transform3D(1, 0, 0, 0, 1, 0, 0, 0, 1, -12.5, 15.5, -9)
size = Vector3(64.5, 13.5, 38)
